298     3.914849
1579    3.905617
1729    4.325660
1730    4.325660
1776    4.334892
1777    4.334892
1845    3.951776
2161    3.928697
2516    3.965623
2540    4.348739
2541    4.736471
2542    4.348739
2709    3.933312
2822    3.979471
2910    3.961008
3025    3.942544
3375    3.951776
3476    4.321044
3477    4.321044
3542    4.316428
3543    4.736471
3544    4.316428
3561    3.901001
3640    3.914849
3918    3.882538
4223    3.905617
4619    3.933312
4935    4.348739
4936    4.348739
5061    3.914849
5097    3.896386
5109    3.896386
5162    4.321044
5163    4.321044