8595.4
9479.4
7596
7828.4
8308.4
8174.2
8182
8254.6
8420.2
8782
8477.1
8019.5
8282.8
7250
7657.5
7662.9
7684.6
7655
7417.6
7356
7785.9
7589
7411.4
6876
6903
7285.6
7160.4
6746.2
7247
7444.3
7529.6
7497
7375.4
7282.4
7155.4
6557
7777
7485.3
7265.6
6589.6
6655.5
6569.7
6511.3
6324.7
5818.7
7585.65
6211
8256.46
8115.52
7992.78
7934.4
8338.39
8014.43
8883.09
8142.19
7318.49
7618.5
5865
7199.44
5380.11
5650.48
6065.05
5501.4
6112
4500.35
5263.45
6296.9
5693.16
5090.29
5092.65
5227.84
5025.25
5764.49
4883.32
4205.19
4017.77
4022.15
3496.18
4774.22
4785.74
4623.91
5347.46
5263.24
4896.04
5653.4
5603.1
5232.4
5327.3
4023.78
4057.54
5316.87
5514.85
4719.34
5105.2
4843.49
4643.25
4961.87
4692.03
4657.49
4479.07
3367.49
4345.72
4748.59
4408.03
4514.62
4324.96
4186.73
4017.87
4549.81
4516.34
4229.01
